loss
0.013338441960513592
0.012636841274797916
0.010077192448079586
0.0092715909704566
0.010147343389689922
0.008506683632731438
0.00738157145678997
0.006671408656984568
0.00618570763617754
0.006474656984210014
accuracy
0.9955333471298218
0.9960166811943054
0.996749997138977
0.996916651725769
0.9966999888420105
0.9973499774932861
0.9976999759674072
0.9978166818618774
0.9978833198547363
0.9978833198547363
val_loss
562.4510498046875
870.095458984375
692.6803588867188
921.3200073242188
826.0330810546875
882.5160522460938
787.3643188476562
840.1215209960938
924.5250244140625
903.7903442382812
val_accuracy
0.5
0.4833333194255829
0.4833333194255829
0.4166666567325592
0.4333333373069763
0.46666666865348816
0.4333333373069763
0.4833333194255829
0.5166666507720947
0.5166666507720947
