loss
0.22597961127758026
0.07435280829668045
0.05394500866532326
0.04190501198172569
0.03458219766616821
0.028742417693138123
0.02343987300992012
0.0200306735932827
0.01768619567155838
0.01503108348697424
accuracy
0.9321833252906799
0.977150022983551
0.9830833077430725
0.9864833354949951
0.9889166951179504
0.9911333322525024
0.9923499822616577
0.9935166835784912
0.9940999746322632
0.9952333569526672
val_loss
0.09375094622373581
0.05354711413383484
0.04451041296124458
0.03950485959649086
0.03206370025873184
0.03692670539021492
0.030491573736071587
0.047593194991350174
0.03231117129325867
0.03732755407691002
val_accuracy
0.9717000126838684
0.9830999970436096
0.9860000014305115
0.9876999855041504
0.989799976348877
0.9872999787330627
0.9901000261306763
0.9858999848365784
0.9905999898910522
0.9900000095367432
