loss
0.20554202795028687
0.0813632383942604
0.056062228977680206
0.04149269312620163
0.03240956366062164
0.027484625577926636
0.023157937452197075
0.021354975178837776
0.018065860494971275
0.017287610098719597
accuracy
0.9391666650772095
0.9754499793052673
0.9818000197410583
0.9864833354949951
0.9894999861717224
0.9908000230789185
0.9922666549682617
0.9929999709129333
0.9938166737556458
0.9939166903495789
val_loss
0.07412837445735931
0.0579865425825119
0.05107179284095764
0.053521208465099335
0.053563330322504044
0.05573257431387901
0.055962495505809784
0.06104082614183426
0.057531580328941345
0.05244402587413788
val_accuracy
0.9782999753952026
0.9805999994277954
0.9847000241279602
0.9832000136375427
0.9847999811172485
0.9851999878883362
0.9847000241279602
0.9836999773979187
0.9855999946594238
0.9864000082015991
