loss
0.22759249806404114
0.07048299908638
0.051454126834869385
0.03958067297935486
0.03315221890807152
0.027477102354168892
0.022987205535173416
0.01894371770322323
0.016310034319758415
0.014059288427233696
0.012906144373118877
0.011548847891390324
0.010280582122504711
0.010385260917246342
0.00920890737324953
0.007942515425384045
0.0070104943588376045
0.0068471115082502365
0.00602473970502615
0.006242213770747185
0.005596903618425131
0.005502309650182724
0.004438676405698061
0.0051691425032913685
0.005449063144624233
0.00518815778195858
0.0027874340303242207
0.004210696555674076
0.004951900336891413
0.003553548827767372
accuracy
0.9315666556358337
0.9782166481018066
0.98416668176651
0.987666666507721
0.9896833300590515
0.9910833239555359
0.9924833178520203
0.9937666654586792
0.9944833517074585
0.9955666661262512
0.9957333207130432
0.996150016784668
0.9965000152587891
0.9965833425521851
0.9969333410263062
0.9973499774932861
0.9975500106811523
0.9976333379745483
0.9980499744415283
0.9977499842643738
0.9980166554450989
0.9983166456222534
0.9987833499908447
0.9984833598136902
0.9983000159263611
0.9983166456222534
0.9991000294685364
0.9987499713897705
0.9983833432197571
0.9988999962806702
val_loss
0.06938128918409348
0.055760450661182404
0.04864557459950447
0.03850807994604111
0.03130754828453064
0.03835595026612282
0.034747663885354996
0.03844652697443962
0.03926839306950569
0.03329434245824814
0.030851278454065323
0.03769245743751526
0.03499612584710121
0.046889375895261765
0.03561483696103096
0.03449355810880661
0.03349614888429642
0.03636594116687775
0.0533151850104332
0.04119240492582321
0.04443064704537392
0.04219699651002884
0.07645746320486069
0.05984050780534744
0.04001522436738014
0.05732244253158569
0.04838857054710388
0.04956094175577164
0.04705477133393288
0.05262448266148567
val_accuracy
0.9779999852180481
0.980400025844574
0.9847000241279602
0.9878000020980835
0.9890999794006348
0.989300012588501
0.9882000088691711
0.9890999794006348
0.9886999726295471
0.9901999831199646
0.9907000064849854
0.989799976348877
0.9904000163078308
0.9889000058174133
0.9909999966621399
0.9907000064849854
0.9918000102043152
0.9912999868392944
0.9873999953269958
0.9914000034332275
0.9897000193595886
0.9904999732971191
0.9869999885559082
0.9879000186920166
0.9909999966621399
0.9878000020980835
0.9901000261306763
0.9905999898910522
0.9904999732971191
0.9907000064849854
